-887270
9698176777
-203190
705088198362
-202670
62435849969
-202610
26887801663653
-202590
-26887801663653
-202540
862269869979071
-202500
-862269869979071
-201550
9786112303294
-201530
9165672533757
-201510
-8908106081100
-201230
238016311740232
-201210
-238016311740232
-200450
11472129801155067
-200310
82858468782091443
-199880
41211339297949
-199850
867888252664375
-199580
120460714752863051
-199210
48766355793224769
-199130
141122990417
-199120
83268312166775703
-199110
-83268312166775703
-199100
-62120375240
-198950
-48766355793224769
-198880
-120460714752863051
-198800
-82858468782091443
-198760
-257566452657
-198380
-41211339297949
-198350
-867888252664375
-197490
-11472129801155067
-197150
-9786112303294
-196260
-705088198362
-195570
-141731712386
887270
-9404929537
33
-199128
3759176378168740404399744
-199128
