-209120
4171001
-208600
118034
-208000
12860847
-207880
110891147
-207840
6056263
-207800
19711531
-207640
19668090
-207600
3867888
-207440
33808316
-206680
75311338
-206280
287605816
-205840
1273979442
-205440
154561476
-205400
-503422357
-205200
129665697
-205000
-154561476
-204960
-1058162901
-204760
-129665697
-203600
5068965
-201680
-5068965
-201600
189428705
-201400
213413377
-201200
2164459582
-201160
-62511530
-201040
826158822
-200960
919634075
-200760
-2164459582
-200720
-126917175
-200600
-826158822
-200520
-1133047452
-198560
-75311338
-195240
-4171001
-194720
-118034
-194120
-7336
-194080
-12853511
-193960
-110891147
-193920
-6056263
-193880
-19711531
-193760
-19668090
-193680
-3867888
-193560
-33808316
41
-202990
